start=7930.689000
volume=74.000000
fullscreen=yes
