start=1312.686000
volume=96.000000
fullscreen=yes
