start=1316.774000
volume=70.000000
fullscreen=yes
