start=1311.810000
volume=90.000000
fullscreen=yes
