start=4540.376306
pause=yes
volume=86.000000
fullscreen=yes
sid=2
