start=616.140000
fullscreen=yes
panscan=0.200000
ab-loop-a=16.620000
