start=1387.636000
volume=68.000000
fullscreen=yes
